800
0,0
1,-148
2,-296
3,-444
4,-592
5,-740
6,-888
7,-1036
8,-1184
9,-1332
0,7
1,-138
2,-289
3,-436
4,-587
5,-737
6,-878
7,-1026
8,-1172
9,-1325
0,15
1,-128
2,-281
3,-428
4,-582
5,-734
6,-870
7,-1017
8,-1161
9,-1319
0,22
1,-119
2,-274
3,-421
4,-577
5,-731
6,-863
7,-1008
8,-1150
9,-1312
0,30
1,-110
2,-266
3,-413
4,-572
5,-728
6,-856
7,-1000
8,-1140
9,-1304
0,38
1,-101
2,-259
3,-406
4,-567
5,-724
6,-849
7,-991
8,-1129
9,-1297
0,45
1,-92
2,-251
3,-398
4,-562
5,-721
6,-843
7,-983
8,-1119
9,-1289
0,53
1,-84
2,-243
3,-391
4,-556
5,-718
6,-837
7,-975
8,-1110
9,-1281
0,61
1,-76
2,-235
3,-383
4,-550
5,-714
6,-832
7,-967
8,-1100
9,-1273
0,68
1,-67
2,-227
3,-376
4,-545
5,-711
6,-827
7,-960
8,-1091
9,-1265
0,76
1,-59
2,-219
3,-368
4,-539
5,-707
6,-822
7,-952
8,-1082
9,-1256
0,83
1,-51
2,-211
3,-360
4,-533
5,-703
6,-817
7,-946
8,-1074
9,-1248
0,91
1,-43
2,-203
3,-352
4,-527
5,-700
6,-812
7,-939
8,-1065
9,-1239
0,99
1,-35
2,-195
3,-345
4,-520
5,-696
6,-807
7,-933
8,-1057
9,-1231
0,106
1,-27
2,-187
3,-337
4,-514
5,-692
6,-803
7,-926
8,-1049
9,-1223
0,114
1,-19
2,-179
3,-329
4,-508
5,-688
6,-799
7,-920
8,-1042
9,-1214
0,122
1,-11
2,-171
3,-321
4,-501
5,-683
6,-794
7,-915
8,-1035
9,-1206
0,129
1,-3
2,-163
3,-313
4,-495
5,-679
6,-790
7,-909
8,-1028
9,-1198
0,137
1,4
2,-155
3,-305
4,-488
5,-675
6,-785
7,-904
8,-1021
9,-1190
0,144
1,11
2,-147
3,-298
4,-481
5,-670
6,-781
7,-898
8,-1014
9,-1182
0,152
1,19
2,-139
3,-290
4,-474
5,-666
6,-777
7,-893
8,-1008
9,-1174
0,160
1,27
2,-131
3,-282
4,-467
5,-661
6,-772
7,-888
8,-1002
9,-1166
0,167
1,35
2,-123
3,-274
4,-460
5,-656
6,-768
7,-883
8,-996
9,-1159
0,175
1,42
2,-115
3,-266
4,-453
5,-652
6,-763
7,-878
8,-990
9,-1151
0,183
1,50
2,-107
3,-258
4,-446
5,-647
6,-759
7,-873
8,-984
9,-1144
0,190
1,58
2,-99
3,-250
4,-439
5,-642
6,-754
7,-869
8,-978
9,-1137
0,198
1,65
2,-91
3,-242
4,-432
5,-637
6,-750
7,-864
8,-973
9,-1130
0,206
1,73
2,-84
3,-234
4,-425
5,-632
6,-745
7,-859
8,-968
9,-1123
0,213
1,81
2,-76
3,-226
4,-418
5,-626
6,-740
7,-854
8,-962
9,-1116
0,221
1,88
2,-68
3,-218
4,-410
5,-621
6,-736
7,-849
8,-957
9,-1109
0,228
1,96
2,-60
3,-211
4,-403
5,-616
6,-731
7,-845
8,-952
9,-1103
0,236
1,104
2,-52
3,-203
4,-396
5,-610
6,-726
7,-840
8,-947
9,-1096
0,244
1,111
2,-45
3,-195
4,-388
5,-604
6,-721
7,-835
8,-942
9,-1090
0,251
1,119
2,-37
3,-187
4,-381
5,-599
6,-716
7,-830
8,-937
9,-1084
0,259
1,127
2,-29
3,-179
4,-373
5,-593
6,-711
7,-826
8,-932
9,-1078
0,267
1,134
2,-21
3,-171
4,-366
5,-587
6,-705
7,-821
8,-927
9,-1072
0,274
1,142
2,-14
3,-164
4,-358
5,-582
6,-700
7,-816
8,-922
9,-1066
0,282
1,150
2,-6
3,-156
4,-351
5,-576
6,-695
7,-811
8,-918
9,-1060
0,289
1,157
2,1
3,-148
4,-343
5,-570
6,-689
7,-806
8,-913
9,-1055
0,297
1,165
2,8
3,-140
4,-336
5,-564
6,-684
7,-801
8,-908
9,-1049
0,305
1,173
2,16
3,-132
4,-328
5,-558
6,-678
7,-796
8,-903
9,-1043
0,312
1,180
2,24
3,-125
4,-320
5,-552
6,-673
7,-790
8,-898
9,-1038
0,320
1,188
2,32
3,-117
4,-313
5,-546
6,-667
7,-785
8,-893
9,-1032
0,328
1,195
2,39
3,-109
4,-305
5,-540
6,-661
7,-780
8,-888
9,-1027
0,335
1,203
2,47
3,-101
4,-298
5,-534
6,-656
7,-775
8,-883
9,-1021
0,343
1,211
2,55
3,-94
4,-290
5,-528
6,-650
7,-769
8,-877
9,-1016
0,351
1,218
2,62
3,-86
4,-282
5,-522
6,-644
7,-764
8,-872
9,-1011
0,358
1,226
2,70
3,-78
4,-275
5,-516
6,-638
7,-758
8,-867
9,-1005
0,366
1,234
2,78
3,-70
4,-267
5,-510
6,-633
7,-753
8,-862
9,-1000
0,373
1,241
2,85
3,-63
4,-259
5,-504
6,-627
7,-747
8,-857
9,-995
0,381
1,249
2,93
3,-55
4,-252
5,-498
6,-621
7,-742
8,-851
9,-989
0,389
1,257
2,101
3,-47
4,-244
5,-492
6,-615
7,-736
8,-846
9,-984
0,396
1,264
2,108
3,-40
4,-236
5,-487
6,-609
7,-730
8,-840
9,-979
0,404
1,272
2,116
3,-32
4,-229
5,-481
6,-603
7,-725
8,-835
9,-973
0,412
1,279
2,124
3,-24
4,-221
5,-475
6,-598
7,-719
8,-830
9,-968
0,418
1,287
2,131
3,-16
4,-213
5,-469
6,-592
7,-713
8,-824
9,-963
0,425
1,295
2,139
3,-9
4,-206
5,-463
6,-586
7,-708
8,-818
9,-957
0,431
1,302
2,146
3,-1
4,-198
5,-457
6,-580
7,-702
8,-813
9,-952
0,438
1,309
2,154
3,6
4,-190
5,-451
6,-574
7,-696
8,-807
9,-947
0,445
1,316
2,162
3,13
4,-183
5,-445
6,-568
7,-690
8,-802
9,-941
0,451
1,323
2,169
3,21
4,-175
5,-439
6,-562
7,-684
8,-796
9,-936
0,458
1,330
2,177
3,29
4,-167
5,-433
6,-556
7,-679
8,-790
9,-930
0,464
1,337
2,184
3,36
4,-160
5,-427
6,-550
7,-673
8,-785
9,-925
0,471
1,344
2,192
3,44
4,-152
5,-421
6,-544
7,-667
8,-779
9,-919
0,478
1,351
2,199
3,51
4,-144
5,-415
6,-538
7,-661
8,-773
9,-914
0,484
1,358
2,206
3,59
4,-137
5,-409
6,-533
7,-655
8,-767
9,-908
0,491
1,365
2,213
3,66
4,-129
5,-403
6,-527
7,-649
8,-762
9,-903
0,497
1,372
2,221
3,74
4,-121
5,-397
6,-521
7,-644
8,-756
9,-897
0,504
1,378
2,228
3,81
4,-114
5,-391
6,-515
7,-638
8,-750
9,-892
0,511
1,385
2,235
3,89
4,-106
5,-386
6,-509
7,-632
8,-744
9,-886
0,517
1,392
2,242
3,96
4,-99
5,-380
6,-503
7,-626
8,-738
9,-880
0,524
1,399
2,249
3,104
4,-91
5,-374
6,-497
7,-620
8,-732
9,-875
0,531
1,405
2,256
3,111
4,-83
5,-368
6,-491
7,-614
8,-727
9,-869
0,537
1,412
2,263
3,118
4,-76
5,-362
6,-485
7,-608
8,-721
9,-863
0,544
1,418
2,270
3,126
4,-68
5,-356
6,-479
7,-602
8,-715
9,-858
0,550
1,424
2,277
3,133
4,-61
5,-350
6,-473
7,-596
8,-709
9,-852
0,557
1,430
2,284
3,140
4,-53
5,-344
6,-467
7,-590
8,-703
9,-846
0,564
1,436
2,291
3,147
4,-46
5,-338
6,-461
7,-584
8,-697
9,-840
0,570
1,442
2,297
3,154
4,-38
5,-332
6,-455
7,-579
8,-691
9,-835
0,577
1,448
2,304
3,161
4,-31
5,-326
6,-449
7,-573
8,-685
9,-829
0,583
1,454
2,310
3,168
4,-23
5,-320
6,-443
7,-567
8,-680
9,-823
0,590
1,460
2,317
3,175
4,-16
5,-314
6,-438
7,-561
8,-674
9,-817
0,596
1,467
2,323
3,182
4,-9
5,-308
6,-432
7,-555
8,-668
9,-812
0,601
1,473
2,330
3,189
4,-1
5,-302
6,-426
7,-549
8,-662
9,-806
0,607
1,479
2,336
3,196
4,5
5,-296
6,-420
7,-543
8,-656
9,-800
0,612
1,485
2,343
3,203
4,12
5,-290
6,-414
7,-537
8,-650
9,-794
0,617
1,491
2,349
3,210
4,20
5,-285
6,-408
7,-531
8,-644
9,-788
0,622
1,497
2,355
3,216
4,27
5,-279
6,-402
7,-525
8,-638
9,-782
0,626
1,503
2,362
3,223
4,34
5,-273
6,-396
7,-519
8,-632
9,-777
0,631
1,508
2,368
3,230
4,41
5,-267
6,-390
7,-513
8,-626
9,-771
0,635
1,514
2,374
3,236
4,48
5,-261
6,-384
7,-507
8,-620
9,-765
0,639
1,519
2,380
3,243
4,55
5,-255
6,-378
7,-501
8,-614
9,-759
0,642
1,524
2,386
3,249
4,62
5,-249
6,-372
7,-495
8,-609
9,-753
0,646
1,529
2,392
3,256
4,69
5,-243
6,-366
7,-490
8,-603
9,-747
0,650
1,534
2,398
3,262
4,76
5,-237
6,-360
7,-484
8,-597
9,-741
0,653
1,539
2,404
3,268
4,83
5,-231
6,-354
7,-478
8,-591
9,-736
0,656
1,543
2,409
3,275
4,90
5,-225
6,-348
7,-472
8,-585
9,-730
0,659
1,547
2,414
3,281
4,97
5,-219
6,-342
7,-466
8,-579
9,-724
0,662
1,552
2,419
3,287
4,104
5,-213
6,-337
7,-460
8,-573
9,-718
0,665
1,556
2,424
3,293
4,111
5,-207
6,-331
7,-454
8,-567
9,-712
0,667
1,560
2,428
3,299
4,117
5,-201
6,-325
7,-448
8,-561
9,-706
0,670
1,563
2,433
3,304
4,124
5,-195
6,-319
7,-442
8,-555
9,-700
0,672
1,567
2,437
3,310
4,131
5,-189
6,-313
7,-436
8,-549
9,-694
0,674
1,570
2,442
3,315
4,137
5,-184
6,-307
7,-430
8,-543
9,-688
0,677
1,574
2,446
3,321
4,144
5,-178
6,-301
7,-424
8,-537
9,-682
0,679
1,577
2,450
3,326
4,150
5,-172
6,-295
7,-418
8,-531
9,-676
0,681
1,580
2,455
3,331
4,156
5,-166
6,-289
7,-412
8,-525
9,-671
0,683
1,583
2,459
3,336
4,163
5,-160
6,-283
7,-406
8,-519
9,-665
0,684
1,586
2,463
3,341
4,169
5,-154
6,-277
7,-400
8,-514
9,-659
0,686
1,588
2,467
3,346
4,175
5,-148
6,-271
7,-395
8,-508
9,-653
0,688
1,591
2,470
3,351
4,181
5,-142
6,-265
7,-389
8,-502
9,-647
0,689
1,593
2,474
3,355
4,187
5,-136
6,-259
7,-383
8,-496
9,-641
0,691
1,596
2,478
3,360
4,193
5,-130
6,-253
7,-377
8,-490
9,-635
0,692
1,598
2,481
3,364
4,198
5,-124
6,-247
7,-371
8,-484
9,-629
0,694
1,600
2,485
3,368
4,204
5,-118
6,-242
7,-365
8,-478
9,-623
0,695
1,602
2,488
3,373
4,210
5,-112
6,-236
7,-359
8,-472
9,-617
0,696
1,604
2,491
3,377
4,215
5,-106
6,-230
7,-353
8,-466
9,-611
0,698
1,606
2,494
3,381
4,221
5,-100
6,-224
7,-347
8,-460
9,-605
0,699
1,608
2,497
3,385
4,226
5,-94
6,-218
7,-341
8,-454
9,-599
0,700
1,610
2,500
3,389
4,231
5,-88
6,-212
7,-335
8,-448
9,-594
0,701
1,611
2,503
3,392
4,236
5,-83
6,-206
7,-329
8,-442
9,-588
0,702
1,613
2,505
3,396
4,242
5,-77
6,-200
7,-323
8,-436
9,-582
0,703
1,615
2,508
3,400
4,246
5,-71
6,-194
7,-317
8,-430
9,-576
0,704
1,616
2,511
3,403
4,251
5,-65
6,-188
7,-311
8,-424
9,-570
0,705
1,617
2,513
3,406
4,256
5,-59
6,-182
7,-305
8,-419
9,-564
0,706
1,619
2,515
3,409
4,261
5,-53
6,-176
7,-299
8,-413
9,-558
0,706
1,620
2,518
3,412
4,265
5,-47
6,-170
7,-294
8,-407
9,-552
0,707
1,621
2,520
3,414
4,270
5,-41
6,-164
7,-288
8,-401
9,-546
0,708
1,622
2,522
3,417
4,274
5,-35
6,-158
7,-282
8,-395
9,-540
0,709
1,623
2,524
3,420
4,278
5,-29
6,-152
7,-276
8,-389
9,-534
0,709
1,625
2,526
3,422
4,283
5,-23
6,-146
7,-270
8,-383
9,-528
0,710
1,626
2,528
3,425
4,287
5,-17
6,-141
7,-264
8,-377
9,-522
0,710
1,627
2,530
3,427
4,291
5,-11
6,-135
7,-258
8,-371
9,-516
0,711
1,627
2,531
3,430
4,294
5,-5
6,-129
7,-252
8,-365
9,-510
0,712
1,628
2,533
3,432
4,298
5,0
6,-123
7,-246
8,-359
9,-504
0,712
1,629
2,535
3,434
4,302
5,6
6,-117
7,-240
8,-353
9,-499
0,713
1,630
2,536
3,437
4,305
5,12
6,-111
7,-234
8,-347
9,-493
0,713
2,538
3,439
4,309
5,17
6,-105
7,-228
8,-341
9,-487
0,714
2,546
3,441
4,312
5,23
6,-99
7,-222
8,-335
9,-481
0,714
2,553
3,443
4,316
5,29
6,-93
7,-216
8,-329
9,-475
0,714
2,561
3,447
4,319
5,35
6,-87
7,-210
8,-323
9,-469
0,715
2,567
3,450
4,322
5,41
6,-81
7,-204
8,-318
9,-463
0,715
2,573
3,454
4,325
5,47
6,-75
7,-198
8,-312
9,-457
0,716
2,578
3,458
4,329
5,53
6,-69
7,-193
8,-306
9,-451
0,716
2,584
3,462
4,332
5,59
6,-63
7,-187
8,-300
9,-445
0,716
2,588
3,466
4,336
5,65
6,-57
7,-181
8,-294
9,-439
0,717
2,593
3,470
4,339
5,71
6,-51
7,-175
8,-288
9,-433
0,717
2,597
3,474
4,343
5,77
6,-45
7,-169
8,-282
9,-427
0,717
2,600
3,479
4,346
5,83
6,-40
7,-163
8,-276
9,-421
0,718
2,604
3,483
4,350
5,89
6,-34
7,-157
8,-270
9,-415
0,718
2,607
3,487
4,353
5,95
6,-28
7,-151
8,-264
9,-409
0,718
2,610
3,491
4,357
5,101
6,-22
7,-145
8,-258
9,-403
0,718
2,612
3,495
4,361
5,107
6,-16
7,-139
8,-252
9,-398
0,719
2,615
3,499
4,364
5,113
6,-10
7,-133
8,-246
9,-392
0,719
2,617
3,502
4,368
5,118
6,-4
7,-127
8,-240
9,-386
0,719
2,619
3,506
4,372
5,124
6,1
7,-121
8,-234
9,-380
0,719
2,621
3,509
4,375
5,130
6,7
7,-115
8,-228
9,-374
0,719
2,623
3,513
4,379
5,136
6,13
7,-109
8,-222
9,-368
0,720
2,625
3,516
4,383
5,142
6,19
7,-103
8,-217
9,-362
0,720
2,626
3,519
4,386
5,148
6,25
7,-97
8,-211
9,-356
0,720
2,628
3,522
4,390
5,154
6,31
7,-92
8,-205
9,-350
0,720
2,629
3,524
4,393
5,160
6,37
7,-86
8,-199
9,-344
0,720
2,630
3,527
4,397
5,166
6,43
7,-80
8,-193
9,-338
0,720
2,631
3,530
4,400
5,172
6,49
7,-74
8,-187
9,-332
0,720
2,633
3,532
4,404
5,178
6,55
7,-68
8,-181
9,-326
0,721
2,634
3,534
4,407
5,184
6,60
7,-62
8,-175
9,-320
0,721
2,634
3,536
4,409
5,190
6,66
7,-56
8,-169
9,-314
0,721
2,635
3,538
4,412
5,195
6,72
7,-50
8,-163
9,-308
0,721
2,636
3,540
4,415
5,201
6,78
7,-44
8,-157
9,-303
0,721
2,637
3,542
4,418
5,207
6,84
7,-38
8,-151
9,-297
0,721
2,638
3,544
4,420
5,212
6,90
7,-32
8,-145
9,-291
0,721
2,638
3,545
4,423
5,217
6,96
7,-26
8,-139
9,-285
0,721
2,639
3,547
4,425
5,223
6,101
7,-20
8,-133
9,-279
0,721
2,639
3,548
4,428
5,228
6,107
7,-14
8,-127
9,-273
0,722
2,640
3,550
4,430
5,233
6,113
7,-9
8,-122
9,-267
0,722
2,640
3,551
4,433
5,238
6,118
7,-3
8,-116
9,-261
0,722
2,641
3,552
4,435
5,242
6,124
7,2
8,-110
9,-255
0,722
2,641
3,553
4,437
5,247
6,129
7,8
8,-104
9,-249
0,722
2,642
3,554
4,440
5,252
6,134
7,13
8,-98
9,-243
0,722
2,642
3,555
4,442
5,256
6,139
7,19
8,-92
9,-237
0,722
2,642
3,556
4,444
5,261
6,145
7,25
8,-86
9,-231
0,722
2,643
3,557
4,446
5,265
6,150
7,30
8,-81
9,-225
0,722
2,643
3,558
4,448
5,269
6,155
7,36
8,-75
9,-220
0,722
2,643
3,559
4,450
5,273
6,159
7,41
8,-69
9,-214
0,722
2,643
3,560
4,451
5,277
6,164
7,46
8,-64
9,-208
0,722
2,644
3,560
4,453
5,281
6,169
7,52
8,-58
9,-202
0,722
2,644
3,561
4,455
5,285
6,173
7,57
8,-52
9,-196
0,722
2,644
3,562
4,457
5,289
6,178
7,62
8,-47
9,-190
0,722
3,562
4,458
5,292
6,182
7,67
8,-42
9,-185
0,723
3,570
4,460
5,296
6,186
7,72
8,-36
9,-179
0,723
3,577
4,462
5,300
6,191
7,77
8,-31
9,-173
0,723
3,583
4,464
5,303
6,195
7,81
8,-26
9,-167
0,723
3,589
4,466
5,306
6,199
7,86
8,-21
9,-162
0,723
3,594
4,469
5,310
6,203
7,91
8,-15
9,-156
0,723
3,599
4,471
5,313
6,207
7,95
8,-10
9,-151
0,723
3,604
4,474
5,316
6,211
7,100
8,-6
9,-145
0,723
3,608
4,477
5,320
6,214
7,104
8,-1
9,-140
0,723
3,611
4,480
5,323
6,218
7,108
8,3
9,-134
0,723
3,614
4,483
5,326
6,222
7,113
8,8
9,-129
0,723
3,617
4,486
5,329
6,225
7,117
8,12
9,-124
0,723
3,620
4,489
5,333
6,229
7,121
8,17
9,-118
0,723
3,623
4,492
5,336
6,232
7,125
8,21
9,-113
0,723
3,625
4,495
5,339
6,236
7,129
8,26
9,-108
0,723
3,627
4,498
5,342
6,239
7,133
8,30
9,-103
0,723
3,629
4,501
5,346
6,243
7,137
8,34
9,-98
0,723
3,630
4,504
5,349
6,246
7,140
8,39
9,-93
0,723
3,632
4,507
5,352
6,249
7,144
8,43
9,-88
0,723
3,633
4,509
5,355
6,253
7,148
8,47
9,-84
0,723
3,635
4,512
5,358
6,256
7,151
8,51
9,-79
0,723
3,636
4,515
5,361
6,259
7,155
8,55
9,-74
0,723
3,637
4,517
5,364
6,263
7,159
8,59
9,-70
0,723
3,638
4,519
5,368
6,266
7,162
8,62
9,-65
0,723
3,639
4,522
5,371
6,269
7,166
8,66
9,-61
0,723
3,639
4,524
5,374
6,272
7,169
8,70
9,-56
0,723
3,640
4,526
5,377
6,275
7,172
8,74
9,-52
0,723
3,641
4,528
5,380
6,279
7,176
8,77
9,-47
0,723
3,641
4,530
5,382
6,282
7,179
8,81
9,-43
0,723
4,532
5,385
6,285
7,183
8,84
9,-39
0,723
4,538
5,388
6,288
7,186
8,88
9,-35
0,723
4,544
5,391
6,291
7,189
8,91
9,-31
0,723
4,550
5,394
6,294
7,192
8,95
9,-27
0,723
4,555
5,397
6,297
7,196
8,98
9,-23
0,723
4,560
5,401
6,300
7,199
8,102
9,-19
0,723
4,565
5,404
6,303
7,202
8,105
9,-15
0,723
4,570
5,407
6,306
7,205
8,108
9,-11
0,723
4,574
5,410
6,309
7,208
8,112
9,-7
0,723
4,578
5,413
6,313
7,211
8,115
9,-3
0,723
4,582
5,416
6,316
7,215
8,118
9,0
0,723
4,585
5,419
6,319
7,218
8,122
9,3
0,723
4,589
5,422
6,322
7,221
8,125
9,7
0,723
4,592
5,426
6,325
7,224
8,128
9,10
0,723
4,595
5,429
6,328
7,227
8,131
9,14
0,723
4,598
5,432
6,331
7,230
8,134
9,17
0,723
4,601
5,435
6,334
7,233
8,138
9,21
0,723
4,603
5,438
6,337
7,237
8,141
9,24
0,723
4,606
5,441
6,340
7,240
8,144
9,28
0,723
4,608
5,444
6,344
7,243
8,147
9,31
0,723
4,610
5,447
6,347
7,246
8,150
9,35
0,723
4,612
5,450
6,350
7,249
8,153
9,38
0,723
4,614
5,453
6,353
7,252
8,157
9,41
0,723
4,616
5,456
6,356
7,255
8,160
9,45
4,618
5,459
6,359
7,258
8,163
9,48
4,623
5,462
6,362
7,261
8,166
9,51
4,629
5,465
6,365
7,265
8,169
9,55
4,634
5,468
6,368
7,268
8,172
9,58
4,639
5,471
6,371
7,271
8,175
9,61
4,644
5,474
6,374
7,274
8,178
9,65
4,648
5,478
6,377
7,277
8,181
9,68
4,652
5,481
6,380
7,280
8,185
9,71
4,656
5,484
6,383
7,283
8,188
9,74
4,660
5,488
6,386
7,286
8,191
9,77
4,663
5,491
6,390
7,289
8,194
9,81
4,667
5,494
6,393
7,292
8,197
9,84
4,670
5,498
6,396
7,295
8,200
9,87
4,673
5,501
6,399
7,298
8,203
9,90
4,675
5,504
6,402
7,301
8,206
9,93
4,678
5,508
6,406
7,305
8,209
9,96
4,681
5,511
6,409
7,308
8,212
9,100
4,683
5,514
6,411
7,311
8,215
9,103
4,685
5,517
6,414
7,314
8,219
9,106
4,687
5,521
6,417
7,317
8,222
9,109
4,689
5,524
6,420
7,320
8,225
9,112
4,691
5,527
6,423
7,323
8,228
9,115
4,693
5,530
6,426
7,326
8,231
9,118
4,695
5,533
6,429
7,329
8,234
9,122
4,696
5,536
6,432
7,332
8,237
9,125
4,698
5,539
6,435
7,335
8,240
9,128
4,699
5,542
6,438
7,338
8,243
9,131
4,700
5,545
6,441
7,341
8,246
9,134
4,702
5,547
6,444
7,344
8,249
9,137
4,703
5,550
6,447
7,347
8,252
9,140
4,704
5,553
6,450
7,350
8,255
9,143
4,705
5,555
6,453
7,353
8,258
9,146
4,706
5,558
6,456
7,356
8,261
9,149
4,707
5,560
6,459
7,359
8,264
9,153
4,708
5,563
6,461
7,362
8,267
9,156
4,709
5,565
6,464
7,365
8,270
9,159
4,710
5,568
6,467
7,368
8,273
9,162
4,710
5,570
6,470
7,371
8,276
9,165
4,711
5,572
6,472
7,374
8,279
9,168
4,712
5,574
6,475
7,377
8,282
9,171
4,712
5,576
6,477
7,379
8,285
9,174
4,713
5,579
6,480
7,382
8,288
9,177
4,714
5,581
6,482
7,385
8,291
9,180
4,714
5,583
6,485
7,388
8,294
9,183
4,715
5,585
6,487
7,390
8,297
9,186
4,715
5,586
6,489
7,393
8,299
9,189
4,716
5,588
6,492
7,395
8,302
9,192
4,716
5,590
6,494
7,398
8,305
9,195
4,716
5,592
6,496
7,401
8,308
9,198
4,717
5,593
6,498
7,403
8,310
9,201
4,717
5,595
6,500
7,405
8,313
9,204
4,718
5,597
6,502
7,407
8,316
9,206
4,718
5,598
6,504
7,409
8,318
9,209
4,718
5,600
6,506
7,411
8,321
9,212
4,718
5,601
6,508
7,413
8,323
9,215
4,719
5,603
6,510
7,415
8,325
9,218
4,719
5,604
6,512
7,417
8,328
9,220
4,719
5,605
6,514
7,419
8,330
9,223
4,719
5,607
6,515
7,421
8,332
9,226
4,720
5,608
6,517
7,423
8,334
9,228
4,720
5,609
6,519
7,425
8,336
9,231
4,720
5,610
6,520
7,427
8,338
9,233
4,720
5,612
6,522
7,429
8,340
9,236
4,720
5,613
6,523
7,431
8,342
9,238
4,721
5,614
6,525
7,433
8,344
9,241
4,721
5,615
6,526
7,434
8,346
9,243
5,616
6,528
7,436
8,348
9,245
5,620
6,529
7,438
8,350
9,248
5,623
6,531
7,439
8,352
9,250
5,627
6,532
7,441
8,354
9,252
5,630
6,534
7,443
8,356
9,254
5,633
6,537
7,444
8,357
9,257
5,637
6,539
7,446
8,359
9,259
5,640
6,541
7,448
8,361
9,261
5,642
6,544
7,450
8,363
9,263
5,645
6,546
7,452
8,365
9,265
5,648
6,549
7,454
8,366
9,267
5,651
6,551
7,456
8,368
9,269
5,653
6,554
7,458
8,370
9,271
5,656
6,556
7,460
8,372
9,273
5,658
6,559
7,462
8,374
9,275
5,660
6,561
7,465
8,376
9,277
5,662
6,564
7,467
8,378
9,279
5,665
6,566
7,469
8,380
9,281
5,667
6,569
7,471
8,382
9,283
5,669
7,474
8,384
9,285
5,671
7,487
8,386
9,287
5,672
7,498
8,390
9,289
5,674
7,509
8,395
9,291
5,676
7,519
8,401
9,293
5,678
7,528
8,408
9,296
5,679
7,536
8,414
9,299
5,681
7,543
8,420
9,303
5,682
7,550
8,427
9,306
5,684
7,556
8,433
9,310
5,685
7,561
8,440
9,314
5,686
7,567
8,446
9,318
5,688
7,571
8,452
9,323
5,689
7,576
8,458
9,327
5,690
7,580
8,464
9,332
5,691
7,583
8,469
9,337
5,692
7,587
8,475
9,342
5,693
7,590
8,480
9,347
5,694
7,593
8,485
9,351
5,695
7,596
8,489
9,356
5,696
7,598
8,493
9,361
5,697
7,601
8,497
9,366
5,698
7,603
8,501
9,371
5,699
7,605
8,505
9,375
5,700
7,607
8,508
9,380
5,701
7,609
8,511
9,384
5,702
7,611
8,514
9,389
5,702
7,612
8,517
9,393
5,703
7,614
8,520
9,397
5,704
7,615
8,522
9,401
5,705
7,617
8,525
9,405
5,705
7,618
8,527
9,408
5,706
7,619
8,529
9,411
5,706
7,620
8,531
9,414
5,707
8,533
9,417
5,708
8,546
9,420
5,708
8,558
9,424
5,709
8,568
9,428
5,709
8,577
9,433
5,710
8,585
9,438
5,710
8,592
9,443
5,711
8,598
9,449
5,711
8,603
9,454
5,712
8,607
9,460
5,712
8,611
9,465
5,712
8,615
9,470
5,713
8,618
9,475
5,713
8,620
9,480
5,713
8,623
9,485
5,714
8,625
9,489
5,714
8,626
9,494
5,714
8,628
9,498
5,715
8,630
9,502
5,715
8,631
9,506
5,715
8,632
9,510
5,716
8,633
9,513
5,716
8,634
9,516
5,716
8,635
9,519
5,716
8,636
9,522
5,717
8,636
9,525
5,717
8,637
9,528
5,717
8,637
9,530
5,717
8,638
9,532
5,718
8,638
9,535
5,718
8,639
9,537
5,718
8,639
9,539
5,718
8,640
9,540
5,718
9,542
5,719
9,550
5,719
9,556
5,719
9,563
5,719
9,569
5,719
9,574
5,719
9,579
5,719
9,584
5,720
9,589
5,720
9,593
5,720
9,596
5,720
9,600
5,720
9,603
5,720
9,606
5,720
9,609
5,720
9,612
5,721
9,614
5,721
9,616
5,721
9,618
5,721
9,620
5,721
9,622
5,721
9,624
5,721
9,625
5,721
9,627
5,721
9,628
5,721
9,630
5,721
9,631
5,722
9,632
5,722
9,633
5,722
9,634
5,722
9,635
5,722
9,635
5,722
9,636
5,722
9,637
5,722
9,638
5,722
9,638
5,722
9,639
5,722
9,639
5,722
9,640
5,722
9,640
5,722
9,641
5,722
9,641
5,722
9,642
5,722
9,642
5,722
9,642
5,722
9,643
5,722
9,643
5,723
9,643
5,723
9,643
5,723
9,644
5,723
9,644
5,723
9,644
5,723
9,644
5,723
9,644
5,723
9,645
5,723
9,645
5,723
9,645
5,723
9,645
5,723
9,645
5,723
9,645
5,723
9,645
5,723
9,646
5,723
9,646
5,723
9,646
5,723
9,646
5,723
9,646
5,723
9,646
5,723
9,646
5,723
9,646
5,723
9,646
5,723
9,646
5,723
9,646
5,723
9,646
5,723
9,646
5,723
9,646
5,723
9,647
5,723
9,647
5,723
9,647
5,723
9,647
5,723
5,723
5,723
5,723
5,723
